City X-coordinate Y-coordinate
1   0.3642  0.7770
2   0.7185  0.8312
3   0.0986  0.5891
4   0.2954  0.9606
5   0.5951  0.4647
6   0.6697  0.7657
7   0.4353  0.1709
8   0.2131  0.8349
9   0.3479  0.6984
10  0.4516  0.0488
11  0.4642  0.8770
12  0.3185  0.7312
13  0.2986  0.6891
14  0.1954  0.5606
15  0.6951  0.2647
16  0.7697  0.3657
17  0.8353  0.4709
18  0.9131  0.6349
19  0.6479  0.3984
20  0.7516  0.5488
21  0.3642  0.3770
22  0.2185  0.4312
23  0.4986  0.9891
24  0.7954  0.8606
25  0.4951  0.7647
26  0.3697  0.6657
27  0.3353  0.5709
28  0.8131  0.4349
29  0.0479  0.1984
30  0.0516  0.3488